10																																																																																								
88																																																																																								
5																																																																																								
733	349	279	164	159	112	103	101	99	94	79	74	74	73	64	64	63	62	61	58	52	52	51	50	49	47	47	45	45	44	44	43	41	40	40	40	40	39	38	37	37	37	37	37	36	36	34	34	33	31	28	22	21	21	20	20	20	20	19	18	17	16	14	13	13	13	12	11	11	11	10	9	6	6	6	6	5	5	4	4	4	4	3	3	3	3	2	1	
189600	244500	78700	58000	77100	40900	59200	71200	177400	56700																																																																															
0	3952.531205	1154.608192	2284.658831	3444.132236	654.201445	3930.237503	1202.899484	4119.072554	2037.592294																																																																															
3952.531205	0	2809.542896	2220.477262	588.93532	3303.197561	1320.795575	3121.102338	532.269773	1934.490568																																																																															
2284.658831	2220.477262	1509.435758	0	1631.938335	1792.986346	2948.878396	1126.860273	2624.326405	898.83284																																																																															
769.851641	3188.999548	444.93765	1600.256618	2674.755438	199.092718	3262.34274	703.944308	3377.934489	1267.908474																																																																															
3930.237503	1320.795575	2819.256641	2948.878396	1610.366917	3299.079502	0	3485.592681	864.400468	2266.295503																																																																															
0	3952.531205	1154.608192	2284.658831	124.921678	3905.43969	785.244161	2205.775121	3444.132236	2546.746369	4106.052463	273.394957	1039.764406	4145.513772	1343.393592	769.851641	1189.606786	1536.204516	327.65114	306.127513	3873.391716	3053.584302	654.201445	1863.289022	1223.720303	2614.246738	2432.82779	2254.332877	2135.430471	3930.237503	1762.497132	3946.075479	3409.353115	1411.459808	856.993834	1202.899484	473.487296	2915.590473	4119.072554	510.09083	4027.273612	1642.03369	1974.327228	916.134336	1754.501836	3955.609252	1848.909843	813.697697	476.256012	2037.592294	1629.119212	1919.55835	678.05522	463.170035	1720.551072	1647.271172	1910.637914	1304.293566	1436.584002	1745.195224	246.931176	3175.455442	161.130997	908.88951	3463.706474	1468.740589	1860.395582	3970.591616	1334.70226	222.190082	958.517065	85.276109	707.63593	2836.158342	252.430608	2579.163419	2247.499855	3865.275793	346.390968	1577.091953	3922.25381	288.757463	215.015023	976.786016	3102.494066	533.775628	2190.567498	415.40272	
3952.531205	0	2809.542896	2220.477262	3857.275528	186.549027	3191.909574	2009.766735	588.93532	1947.740371	471.475548	3737.227785	2919.006755	553.635783	3464.174301	3188.999548	2808.216655	2593.184878	3705.91486	4183.843414	1537.751204	1144.101387	3303.197561	2711.439396	2872.129476	1355.607484	1985.645336	1958.012664	1910.728786	1320.795575	2193.750278	42.768893	731.507369	2560.878977	3418.599791	3121.102338	3818.806041	1083.746562	532.269773	3444.54323	565.857862	2456.017118	2053.556639	3058.553325	3772.235794	322.028779	2117.689999	3146.223024	3541.86096	1934.490568	2467.487912	2589.302188	3602.412456	3681.42054	2622.938764	2319.858123	2050.26792	2695.36437	2982.214033	2384.47737	4154.430683	935.692523	4050.224394	3077.258402	1072.451433	3219.054795	2095.21341	1265.09531	2620.650871	3954.529765	3436.204296	3886.935813	3310.455885	1148.569063	3706.973221	1429.154852	2045.475649	572.45735	4134.907201	2391.634401	1486.070864	3749.496226	3832.385965	3029.132044	1488.811978	4277.807317	1923.741865	4051.759236	
1154.608192	2809.542896	0	1509.435758	1072.890804	2773.726461	382.831706	1285.195539	2325.178823	1685.322442	2951.453311	976.173458	263.190401	2991.08926	1388.014328	444.93765	138.313767	775.182491	960.007116	1374.308987	2788.039843	1997.532767	500.468931	1324.284099	634.74672	1462.330474	1566.703571	1320.657329	1107.818065	2819.256641	654.483171	2805.369382	2312.187071	416.946406	948.129669	942.243638	1149.637204	1804.95026	2964.580733	663.712249	2873.295455	569.073158	952.714584	402.71315	1912.828608	2801.958072	695.56174	340.910495	734.119679	944.877002	557.76896	1303.132842	1027.877882	995.358538	1081.450639	493.223688	759.94194	196.469713	1061.670286	889.557699	1345.635708	2021.82002	1241.903371	275.234873	2328.295064	1301.473489	745.30801	2853.550059	281.84768	1145.316215	1051.469807	1097.467263	644.345178	1721.309537	921.420609	1424.611248	1176.188242	2711.504606	1328.184205	527.319682	2829.439315	998.091723	1070.002893	471.157405	2001.335009	1481.14751	1062.774307	1255.415895	
2284.658831	2220.477262	1509.435758	0	2161.955761	2090.319013	1780.986148	361.009127	1631.938335	303.447904	2581.606527	2014.042694	1394.901439	2653.236002	1322.07632	1600.256618	1618.883727	778.935565	1963.383141	2583.939036	3040.789028	1079.90851	1792.986346	526.763538	1071.887265	1407.767053	235.246082	380.136233	664.142668	2948.878396	1042.871257	2193.738118	1501.124743	1093.043937	1490.493019	1126.860273	1953.826838	1209.545071	2624.326405	1831.637702	2579.883755	1699.589853	708.815339	1440.409449	1556.269795	2391.106038	1279.448426	1695.163625	2071.24167	898.83284	1699.657899	416.736997	1699.30366	1864.736291	569.064244	1322.597911	1234.069699	1573.331608	913.069957	620.1901	2530.03356	1931.623396	2432.480989	1732.870311	2400.39939	1070.503234	1031.066463	2944.254325	1229.976815	2397.930917	1447.209913	2200.753102	1583.325505	1185.880196	2043.477637	1522.984236	1950.523522	2454.240796	2588.061835	1021.882994	3043.781109	2006.681591	2092.766075	1346.617956	2359.158405	2774.639572	1681.07568	2573.417393	
3444.132236	588.93532	2325.178823	1631.938335	3342.383366	478.16449	2706.885715	1425.79263	0	1362.710228	979.105897	3215.431961	2404.447264	1057.526476	2881.623179	2674.755438	2343.145534	2029.610893	3180.395767	3691.93337	1786.446926	559.708777	2805.380798	2123.364263	2319.064579	943.558079	1397.320874	1373.468996	1349.753814	1610.366917	1683.795648	564.042212	185.909219	2035.843605	2861.109065	2551.543116	3275.886626	529.821601	1029.990228	2934.04142	1011.845717	2049.013926	1500.331637	2535.479219	3183.339987	788.51864	1654.146514	2652.597787	3058.387915	1407.049707	2059.123302	2001.354966	3050.90634	3143.84858	2041.255869	1850.269817	1581.354257	2235.144593	2403.650132	1816.62323	3657.481651	804.561162	3552.560459	2598.92144	1175.492134	2634.975551	1587.134228	1575.265206	2110.447996	3466.03237	2871.136165	3374.15308	2778.806294	607.978198	3194.423397	1061.55124	1755.889396	927.05561	3651.95933	1868.208563	1755.653895	3224.740193	3309.640859	2495.91116	1451.541863	3806.024014	1572.18964	3580.016672	
654.201445	3303.197561	500.468931	1792.986346	574.934931	3261.263687	154.789384	1645.641869	2805.380798	2020.377531	3451.863306	492.746399	421.856982	3491.541372	1239.286322	199.092718	546.380774	1014.169223	488.541248	886.733735	3255.181744	2442.468478	0	1469.726866	737.285383	1960.825205	1902.084344	1689.483888	1528.891464	3299.079502	1121.796573	3297.778095	2780.535813	794.164503	702.399796	891.314649	716.7483	2279.581795	3465.045073	183.860909	3373.610874	1014.517855	1367.479626	353.75762	1751.410834	3301.663464	1194.90468	159.634303	280.200323	1404.715818	1001.844105	1490.326884	681.454887	568.055077	1268.368122	993.104809	1257.355772	658.424379	1093.735457	1197.217085	852.700897	2521.980342	747.988366	273.801362	2819.714962	1247.67513	1218.252568	3336.379105	697.972882	663.340954	830.255999	597.910033	347.96974	2198.13931	424.626994	1925.079879	1629.090408	3211.74116	853.364071	950.910523	3300.341603	520.274494	582.424864	455.754018	2474.733773	1022.416117	1548.091642	803.628802	
3930.237503	1320.795575	2819.256641	2948.878396	3869.768261	1491.776549	3153.14075	2625.906206	1610.366917	2762.132258	918.105288	3789.520589	3026.210194	861.282244	3918.885868	3262.34274	2752.794201	2975.470553	3777.448821	4078.490727	232.836736	2065.410346	3299.079502	3316.624965	3161.088685	1585.286807	2744.791927	2588.192563	2388.706816	0	2403.653169	1361.466009	1795.451116	2761.710595	3678.234384	3485.592681	3965.224494	1780.151116	864.400468	3475.678924	781.403144	2288.82054	2465.808724	3183.737612	4350.39315	1002.762112	2193.774728	3144.315935	3459.557528	2266.295503	2301.702031	3201.669138	3812.141054	3811.709157	3138.676533	2367.70116	2159.938935	2642.281897	3432.268629	2820.854328	4070.770281	1017.319271	3977.195559	3028.946448	552.720397	3710.906154	2320.141079	73.987078	2753.53177	3853.868936	3742.286402	3888.111331	3446.27987	1780.081237	3722.20457	1521.277918	1686.024005	749.718866	3999.490346	2614.048213	168.142032	3813.945825	3881.064987	3202.393024	828.421583	4091.517035	1756.612259	3882.3466	
1202.899484	3121.102338	942.243638	1126.860273	1077.98353	3029.707484	965.42868	1151.72565	2551.543116	1415.415949	3387.401489	930.10928	686.026312	3445.080748	461.718053	703.944308	1079.003154	533.271882	875.267691	1508.901048	3503.904877	2064.552671	891.314649	662.637369	343.579792	1934.787085	1312.665127	1205.166836	1211.930214	3485.592681	1083.637094	3103.997605	2468.363799	752.327945	365.49772	0	829.313716	2037.371947	3416.315095	840.281028	3345.183602	1456.976286	1079.379334	597.930514	976.474416	3210.220096	1317.216942	881.651584	1124.24369	1243.936092	1448.483794	730.804556	573.843023	754.447807	562.481181	1185.962007	1336.710673	1122.106827	233.723631	736.629376	1449.255248	2543.712391	1360.288994	994.83787	2947.182419	367.839625	1165.455073	3504.515031	814.63249	1354.82046	327.794158	1117.635913	568.448781	1975.387278	985.318722	1970.241177	1998.432164	3194.401155	1533.359873	878.1614	3531.297572	914.924872	996.25625	493.96291	2723.312261	1724.428411	1804.222153	1549.895089	
4119.072554	532.269773	2964.580733	2624.326405	4035.553728	718.80946	3337.982224	2368.259823	1029.990228	2374.407169	61.601109	3928.60459	3114.430604	29.121766	3796.859754	3377.934489	2937.897062	2883.086286	3904.009729	4321.911788	1095.3463	1581.81634	3465.045073	3083.349112	3134.575847	1518.154765	2394.378766	2319.945523	2213.719458	864.400468	2405.010756	574.81083	1202.974276	2781.855306	3681.327305	3416.315095	4046.575487	1424.451707	0	3622.700143	110.462471	2529.546638	2337.246622	3264.178824	4150.275184	241.718843	2272.830726	3305.449132	3678.381049	2181.748437	2542.034687	2961.284888	3850.031549	3901.050589	2961.827057	2472.927403	2215.388847	2822.503704	3305.272739	2688.516427	4300.448214	946.345924	4198.821569	3216.927826	822.170361	3560.833555	2308.061584	798.141557	2817.506408	4091.02501	3716.034631	4061.388224	3525.470111	1466.70551	3883.832403	1539.984181	2021.22468	264.772741	4260.62775	2615.287086	1032.27056	3945.64727	4023.935794	3252.171292	1290.013382	4385.663711	1969.686268	4162.996446	
2037.592294	1934.490568	944.877002	898.83284	1935.335577	1873.025972	1317.875835	546.616294	1407.049707	921.393671	2156.303405	1809.197073	997.846599	2210.209828	1657.617339	1267.908474	993.030884	716.408454	1775.324593	2290.878154	2309.708124	1053.390246	1404.715818	1088.353396	952.920963	692.688794	821.639923	548.57481	247.35668	2266.295503	290.630304	1923.870225	1375.820245	629.337929	1500.32139	1243.936092	1885.007093	878.020127	2181.748437	1527.572373	2106.413229	877.268837	214.831942	1129.035527	2086.540461	1985.328656	413.759786	1256.226995	1666.758024	0	881.19766	987.204913	1674.59089	1746.930551	881.771072	537.289982	352.465755	901.206624	1167.410773	555.767403	2254.117666	1300.780219	2149.13437	1219.490649	1718.809397	1444.6861	207.994218	2279.118992	706.859891	2067.841262	1535.113623	1967.146865	1376.705677	799.392267	1787.482064	746.185146	1052.063771	1953.338023	2256.609149	461.192047	2328.3331	1819.413492	1903.720312	1094.821299	1559.510724	2418.497168	784.151232	2194.25704	
4525	4525	4525	4525	4525																																																																																				
1038	1029	504	592	718	754	774	663	661	506																																																																															
1																																																																																								
1	0	0.25	0	0	0.5	0	0.25	0	0
0	1	0	0	0.5	0	0.25	0	0.5	0
0.25	0	1	0	0	0.5	0	0.5	0	0.5
0	0	0	1	0	0	0	0.25	0	0.5
0	0.5	0	0	1	0	0	0	0.25	0.25
0.5	0	0.5	0	0	1	0	0.5	0	0.25
0	0.25	0	0	0	0	1	0	0.5	0
0.25	0	0.5	0.25	0	0.5	0	1	0	0.25
0	0.5	0	0	0.25	0	0.5	0	1	0
0	0	0.5	0.5	0.25	0.25	0	0.25	0	1
