15																																																	
49																																																	
5																																																	
0.8																																																	
297	179	169	129	118	114	108	92	77	66	64	61	60	55	51	48	48	48	47	43	42	40	36	36	34	32	32	31	28	27	25	24	23	17	17	15	15	12	12	11	10	10	7	6	6	6	6	5	4	
173700	152700	108900	108600	57600	88800	99000	72600	144900	106800	116700	101850	115650	118500	74250																																			
3793.613849	369.671396	2186.214591	1280.223986	0	1086.905896	519.712514	693.377353	519.035074	985.318722	3721.126414	1687.793299	3194.423397	2373.990431	1410.970385																																			
2732.042894	1361.259917	1285.033545	1145.252211	1086.905896	0	568.356684	535.669989	1059.887811	814.63249	2780.749572	1046.386274	2110.447996	1299.821306	389.916971																																			
949.495285	3836.382298	2845.658718	3769.903488	3721.126414	2780.749572	3274.121643	3028.148357	3835.070557	3531.297572	0	3280.355779	1755.653895	1659.77744	2392.029074																																			
2907.553662	2051.799869	635.589925	655.994117	1687.793299	1046.386274	1291.676325	1482.984774	1304.107113	730.804556	3280.355779	0	2001.354966	1620.602381	1257.314861																																			
1434.774482	2604.147541	1234.876665	2132.648135	2373.990431	1299.821306	1862.961052	1725.711626	2336.001489	1934.787085	1659.77744	1620.602381	943.558079	0	969.531452																																			
0	3995.812398	2352.220627	3498.706888	3793.613849	2732.042894	3290.103795	3123.320287	3970.631175	3769.900764	3345.183602	3816.594345	4226.622466	3028.022723	2534.357317	2728.296079	3058.323041	949.495285	3857.850447	2443.086136	2907.553662	3239.799907	3169.402272	1011.845717	3641.520088	1434.774482	4104.830338	2148.185838	718.568147	2382.746529	2900.57968	2226.695366	2621.097017	3440.976779	851.973856	2127.726414	1410.529904	4287.22119	162.684958	4164.090325	711.714145	4206.056608	1179.559152	1869.815499	3935.418297	1915.73382	3816.534574	4065.093156	1449.56558	
3995.812398	0	2530.416921	1646.139156	369.671396	1361.259917	822.406322	878.480567	283.236818	868.095869	1354.82046	650.775207	230.915392	1080.33753	1613.925697	1269.327992	1326.499555	3836.382298	469.512494	1565.922262	2051.799869	1586.360294	1059.437562	3466.03237	1140.081767	2604.147541	135.828506	2189.063101	3897.69073	1635.264641	1843.325253	1879.355132	1830.921317	817.099572	3144.740731	1904.310673	2859.528147	376.774157	3833.212092	192.777734	3406.357723	217.15765	3025.66663	2137.648174	415.817777	2167.949475	498.135029	203.684063	2556.079552	
2352.220627	2530.416921	0	1291.375142	2186.214591	1285.033545	1716.68637	1810.151546	2350.416493	1878.076351	1312.665127	2030.615769	2726.36376	1489.126537	1050.548326	1602.191902	1209.315611	2845.658718	2162.260816	1677.976009	635.589925	1112.039283	1471.124017	1397.320874	1638.481029	1234.876665	2575.203671	574.321901	2737.103058	1306.881937	750.557001	988.95193	704.895406	1725.710586	1728.348952	1172.632508	970.058023	2905.508753	2229.461015	2722.447964	2200.25705	2675.385397	2189.088941	1580.402827	2249.404147	1852.952708	2118.059916	2697.129845	1361.462446	
3498.706888	1646.139156	1291.375142	0	1280.223986	1145.252211	1066.363127	1362.586566	1385.440297	793.361981	367.839625	1005.584797	1771.582115	1049.983634	1156.25853	1474.665474	676.593307	3769.903488	1182.938992	1785.848744	655.994117	283.966314	861.619428	2634.975551	510.413907	2132.648135	1629.773638	1352.825153	3723.625955	1492.516827	599.362864	1411.081726	892.237693	910.669913	2734.668418	1604.253362	2096.350974	2001.708772	3355.090966	1811.905519	3163.221	1708.096959	2980.993393	2090.287029	1254.199266	2304.125891	1149.618811	1847.487948	2190.005831	
3793.613849	369.671396	2186.214591	1280.223986	0	1086.905896	519.712514	693.377353	180.034582	519.035074	985.318722	309.469145	540.761063	790.202436	1326.571621	1082.96809	977.046714	3721.126414	148.676466	1422.211358	1687.793299	1217.237252	725.105891	3194.423397	778.690529	2373.990431	389.332428	1883.038067	3760.106917	1410.970385	1483.193454	1612.875917	1495.155427	460.935759	2942.640534	1670.829712	2586.52954	740.793651	3632.072178	550.340132	3244.337427	489.327897	2896.792755	1972.610867	170.608095	2047.534468	152.865089	567.976025	2344.17654	
2732.042894	1361.259917	1285.033545	1145.252211	1086.905896	0	568.356684	535.669989	1266.940421	1059.887811	814.63249	1085.036127	1584.031406	298.94369	257.363506	367.387064	473.172586	2780.749572	1132.11967	640.76082	1046.386274	879.152579	449.289236	2110.447996	1006.107682	1299.821306	1442.731986	842.314789	2781.055196	389.916971	831.154417	525.970719	611.434302	709.686965	1888.628861	608.139178	1502.584524	1715.259805	2572.523978	1550.618313	2237.614038	1547.708743	1957.346126	1017.289946	1213.361251	1189.725713	1089.422604	1492.462582	1288.767139	
3290.103795	822.406322	1716.68637	1066.363127	519.712514	568.356684	0	329.510864	699.595412	598.927958	703.944308	550.459534	1034.439802	270.550076	807.244266	633.682079	539.000781	3274.121643	567.759643	995.101391	1291.676325	898.832916	257.364318	2674.755438	687.311102	1862.961052	887.922502	1370.851797	3295.615187	911.622164	1070.267885	1094.033731	1013.144393	216.495477	2441.869034	1162.575932	2066.839824	1192.834422	3129.45417	1015.11628	2765.747676	992.457723	2445.964239	1505.801771	646.667571	1619.048927	526.58596	980.777659	1841.492481	
3123.320287	878.480567	1810.151546	1362.586566	693.377353	535.669989	329.510864	0	860.657445	918.164126	994.83787	832.413076	1108.897173	352.208441	791.175346	395.845733	751.679595	3028.148357	794.074804	729.173367	1482.984774	1161.379376	503.103866	2598.92144	1015.396264	1725.711626	981.997124	1375.649841	3067.236406	757.406786	1257.40796	1020.538974	1115.443737	543.908425	2271.414292	1027.223466	1995.892159	1207.111086	2960.96594	1057.74038	2555.363775	1084.18176	2203.429252	1282.330149	854.977272	1355.788331	762.027252	981.108358	1679.221936	
3769.900764	868.095869	1878.076351	793.361981	519.035074	1059.887811	598.927958	918.164126	596.431735	0	573.843023	217.408591	978.776735	790.834731	1235.650205	1222.883971	731.858733	3835.070557	398.622207	1585.298035	1304.107113	800.752475	610.639526	3050.90634	283.766449	2336.001489	839.132056	1701.581411	3840.553071	1444.539906	1131.846334	1543.423794	1248.246675	385.360997	2936.921859	1664.333525	2455.195692	1211.830508	3612.981788	1023.597781	3297.27499	914.954546	3008.516036	2064.689411	463.042846	2201.783743	372.274561	1071.706678	2340.691778	
3345.183602	1354.82046	1312.665127	367.839625	985.318722	814.63249	703.944308	994.83787	1117.635913	573.843023	0	754.447807	1508.901048	686.026312	878.1614	1122.106827	343.579792	3531.297572	914.924872	1448.483794	730.804556	233.723631	493.96291	2551.543116	327.794158	1934.787085	1360.288994	1211.930214	3504.515031	1185.962007	562.481181	1165.455073	736.629376	568.448781	2543.712391	1336.710673	1975.387278	1724.428411	3194.401155	1533.359873	2947.182419	1449.255248	2723.312261	1804.222153	996.25625	1998.432164	875.267691	1549.895089	1970.241177	
949.495285	3836.382298	2845.658718	3769.903488	3721.126414	2780.749572	3274.121643	3028.148357	3883.569309	3835.070557	3531.297572	3824.534429	4058.362408	3045.660933	2655.124915	2647.414836	3201.464429	0	3818.300204	2298.993798	3280.355779	3489.030165	3227.729814	1755.653895	3778.03439	1659.77744	3962.17773	2464.74546	235.654499	2392.029074	3206.778844	2367.990249	2884.09744	3463.769973	1119.204024	2197.666372	1888.678429	4060.679583	914.035709	3976.11659	645.878701	4053.538671	828.178263	1771.193327	3882.733107	1674.946993	3783.079481	3855.561367	1582.444092	
2907.553662	2051.799869	635.589925	655.994117	1687.793299	1046.386274	1291.676325	1482.984774	1834.557117	1304.107113	730.804556	1482.263194	2223.542059	1131.245565	908.458173	1412.904439	753.203022	3280.355779	1635.085053	1621.412682	0	505.943643	1034.573202	2001.354966	1041.823318	1620.602381	2072.885467	816.016091	3205.26042	1257.314861	225.626722	1041.793999	488.900811	1235.92777	2195.003046	1256.911778	1497.109021	2427.366614	2772.076938	2237.735756	2648.948786	2166.444563	2539.654249	1745.68451	1719.069697	1998.679222	1593.352942	2237.245071	1708.817006	
1011.845717	3466.03237	1397.320874	2634.975551	3194.423397	2110.447996	2674.755438	2598.92144	3374.15308	3050.90634	2551.543116	3143.84858	3691.93337	2404.447264	1868.208563	2235.144593	2319.064579	1755.653895	3224.740193	2059.123302	2001.354966	2403.650132	2495.91116	0	2871.136165	943.558079	3552.560459	1349.753814	1575.265206	1850.269817	2041.255869	1587.134228	1816.62323	2778.806294	804.561162	1581.354257	607.978198	3806.024014	927.05561	3651.95933	1175.492134	3657.481651	1451.541863	1572.18964	3309.640859	1755.889396	3180.395767	3580.016672	1061.55124	
1434.774482	2604.147541	1234.876665	2132.648135	2373.990431	1299.821306	1862.961052	1725.711626	2552.913016	2336.001489	1934.787085	2382.896513	2834.34491	1597.501116	1100.405803	1340.369038	1632.068198	1659.77744	2430.08147	1123.898584	1620.602381	1858.165154	1734.667001	943.558079	2218.14223	0	2704.051797	805.041998	1593.678823	969.531452	1553.902896	792.617915	1240.448432	2007.316274	608.979162	703.610199	464.565593	2922.671913	1277.063765	2782.190621	1033.731695	2807.512339	954.330183	634.790167	2509.609406	849.846058	2387.974075	2696.761687	153.312171	
2382.746529	1635.264641	1306.881937	1492.516827	1410.970385	389.916971	911.622164	757.406786	1588.495302	1444.539906	1185.962007	1452.660837	1865.174204	660.828052	355.483676	385.740524	842.710065	2392.029074	1477.939954	377.137494	1257.314861	1213.827371	835.756742	1850.269817	1395.126754	969.531452	1734.550797	759.004135	2396.908505	0	1072.667156	332.604649	770.104818	1081.628293	1532.346893	270.462665	1254.558001	1960.868214	2221.360131	1815.069646	1858.646405	1837.980935	1567.709775	627.594293	1553.814983	813.587913	1437.656575	1734.581537	933.222569	
2443	2443	2443	2443	2443																																													
650	650	650	650	650	650	650	650	650	650	650	650	650	650	650																																			
1																																																	
